# GIMP 'Curves' settings

(time 0)
(linear no)
(channel value)
(curve
    (curve-type smooth)
    (points 10 0 0 0.2177650429799427 0.33333333333333337 0.59885386819484243 0.61488673139158567 0.88538681948424069 0.8381877022653722 1 1)
    (point-types 5 smooth smooth smooth smooth smooth)
    (n-samples 256)
    (samples 256 0 0.0069905279610310758 0.01397913330016322 0.0209638933954975 0.027942885625135 0.034914187367176774 0.041875875999723887 0.048826028900877436 0.055762723448738484 0.062684037021408068 0.069588046996987299 0.07647283075357722 0.083336465669278909 0.090177029122193456 0.096992598490421883 0.10378125115206534 0.1105410644852248 0.11727011586800137 0.12396648267849618 0.13062824229481024 0.1372534720950446 0.14384024945730037 0.15038665175967864 0.15689075638028038 0.16335064069720678 0.1697643820885589 0.17613005793243772 0.18244574560694435 0.18870952249017986 0.19491946596024537 0.20107365339524191 0.20717016217327053 0.21320706967243233 0.21918245327082833 0.22509439034655968 0.23094095827772745 0.23672023444243262 0.24243029621877632 0.24806922098485962 0.25363508611878349 0.25912596899864926 0.26453994700255767 0.26987509750861005 0.27512949789490737 0.28030122553955067 0.28538835782064104 0.29038897211627956 0.29530114580456734 0.30012295626360541 0.30485248087149469 0.30948779700633655 0.31402698204623186 0.31846811336928177 0.32280926835358731 0.32704852437724957 0.33118395881836965 0.33333333333333337 0.33733607669702181 0.34129169571001206 0.34520095116896488 0.3490646038705405 0.35288341461139933 0.35665814418820152 0.36038955339760792 0.36407840303627831 0.36772545390087352 0.37133146678805379 0.37489720249447928 0.37842342181681055 0.38191088555170793 0.38536035449583195 0.3887725894458427 0.39214835119840069 0.3954884005501661 0.39879349829779964 0.40206440523796155 0.40530188216731206 0.40850668988251154 0.41167958918022052 0.41482134085709921 0.41793270570980828 0.4210144445350078 0.42406731812935811 0.4270920872895197 0.43008951281215302 0.43306035549391836 0.43600537613147594 0.43892533552148627 0.44182099446060985 0.4446931137455068 0.44754245417283761 0.45036977653926258 0.45317584164144209 0.45596141027603665 0.45872724323970648 0.46147410132911204 0.4642027453409136 0.4669139360717714 0.4696084343183462 0.47228700087729825 0.47495039654528765 0.4775993821189749 0.48023471839502041 0.48285716617008473 0.48546748624082792 0.48806643940391037 0.49065478645599264 0.49323328819373496 0.49580270541379778 0.49836379891284144 0.50091732948752632 0.50346405793451265 0.506004745050461 0.50854015163203159 0.51107103847588498 0.51359816637868128 0.51612229613708105 0.51864418854774463 0.52116460440733225 0.52368430451250447 0.52620404965992151 0.52872460064624371 0.53124671826813163 0.5337711633222455 0.53629869660524565 0.53883007891379275 0.5413660710445467 0.54390743379416817 0.54645492795931738 0.54900931433665501 0.55157135372284105 0.55414180691453585 0.55672143470840019 0.55931099790109406 0.56191125728927793 0.56452297366961224 0.56714690783875732 0.56978382059337362 0.57243447273012138 0.57509962504566092 0.5777800383366527 0.58047647339975716 0.58318969103163454 0.58592045202894516 0.5886695171883497 0.59143764730650805 0.594225603180081 0.59703414560572876 0.59986403538011168 0.6027160332998901 0.60559090016172457 0.6084893967622752 0.61141228389820246 0.61488673139158567 0.61784511309333179 0.62078975516051205 0.62372135215279123 0.62664059862983423 0.62954818915130617 0.63244481827687227 0.63533118056619708 0.63820797057894574 0.6410758828747829 0.64393561201337424 0.64678785255438387 0.64963329905747758 0.6524726460823197 0.65530658818857546 0.65813581993590975 0.66096103588398791 0.66378293059247417 0.66660219862103409 0.66941953452933234 0.67223563287703436 0.67505118822380428 0.67786689512930765 0.6806834481532098 0.68350154185517487 0.68632187079486795 0.68914512953195461 0.69197201262609931 0.69480321463696715 0.6976394301242228 0.70048135364753195 0.70332967976655925 0.70618510304096904 0.70904831803042723 0.71192001929459814 0.71480090139314711 0.71769165888573894 0.72059298633203839 0.72350557829171069 0.72643012932442086 0.72936733398983367 0.73231788684761434 0.73528248245742733 0.73826181537893842 0.74125658017181184 0.74426747139571292 0.74729518361030656 0.75034041137525753 0.75340384925023096 0.75648619179489196 0.75958813356890542 0.76271036913193613 0.76585359304364919 0.76901849986370929 0.77220578415178198 0.77541614046753171 0.77865026337062382 0.78190884742072297 0.78519258717749429 0.78850217720060267 0.79183831204971311 0.79520168628449062 0.79859299446459997 0.8020129311497064 0.80546219089947468 0.80894146827356994 0.81245145783165695 0.81599285413340095 0.81956635173846659 0.82317264520651889 0.82681242909722308 0.83048639797024382 0.83419524638524634 0.8381877022653722 0.84204242717082833 0.84607278802690233 0.85027256242503058 0.85463552795664843 0.85915546221319161 0.86382614278609604 0.8686413472667982 0.87359485324673314 0.87868043831733655 0.88389188007004504 0.88922295609629354 0.89466744398751863 0.90021912133515603 0.90587176573064143 0.91161915476541022 0.91745506603089866 0.92337327711854256 0.92936756561977774 0.93543170912604001 0.94155948522876498 0.94774467151938879 0.95398104558934715 0.96026238503007599 0.96658246743301079 0.97293507038958771 0.97931397149124244 0.9857129483294107 0.99212577849552852 1))
(channel red)
(curve
    (curve-type smooth)
    (points 6 0 0 0.49570200573065903 0.47727272727272729 1 1)
    (point-types 3 smooth smooth smooth)
    (n-samples 256)
    (samples 256 0 0.0037028782499980667 0.0074057838745479176 0.011108744248201335 0.014811786745510097 0.018514938741025999 0.022218227609300808 0.025921680724886313 0.029625325462334297 0.033329189196196554 0.03703329930102485 0.040737683151370975 0.044442368121786729 0.048147381586823849 0.051852750921034162 0.055558503498969451 0.059264666695181455 0.062971267884221985 0.066678334440642847 0.0703858937389958 0.074093973153832621 0.077802600059705102 0.081511801831165021 0.085221605842764156 0.088932039469054314 0.092643130084587258 0.096354905063914781 0.10006739178158865 0.10378061761216065 0.1074946099301826 0.11120939611020622 0.11492500352678332 0.11864145955446571 0.12235879156780516 0.12607702694135345 0.12979619304966233 0.13351631726728366 0.13723742696876917 0.1409595495286706 0.14468271232153981 0.14840694272192853 0.15213226810438865 0.15585871584347177 0.15958631331372974 0.16331508788971455 0.16704506694597765 0.170776277857071 0.17450874799754645 0.17824250474195563 0.18197757546485041 0.18571398754078253 0.18945176834430383 0.19319094524996605 0.19693154563232096 0.20067359686592035 0.20441712632531611 0.2081621613850598 0.21190872941970337 0.21565685780379867 0.21940657391189727 0.22315790511855108 0.22691087879831184 0.23066552232573148 0.2344218630753615 0.23817992842175395 0.2419397457394605 0.2457013424030329 0.24946474578702305 0.25322998326598256 0.25699708221446338 0.26076607000701713 0.26453697401819576 0.2683098216225509 0.27208464019463452 0.27586145710899829 0.27964029974019389 0.28342119546277328 0.28720417165128809 0.29098925568029027 0.29477647492433146 0.2985658567579636 0.30235742855573833 0.30615121769220743 0.30994725154192271 0.31374555747943605 0.3175461628792991 0.32134909511606369 0.32515438156428167 0.32896204959850472 0.3327721265932847 0.33658463992317333 0.34039961696272247 0.34421708508648374 0.3480370716690091 0.35185960408485034 0.35568470970855914 0.3595124159146873 0.3633427500777866 0.3671757395724089 0.37101141177310576 0.37484979405442931 0.37869091379093106 0.38253479835716298 0.38638147512767668 0.39023097147702401 0.39408331477975678 0.39793853241042682 0.4017966517435857 0.40565770015378544 0.40952170501557777 0.41338869370351439 0.41725869359214723 0.42113173205602783 0.42500783646970813 0.42888703420773999 0.43276935264467503 0.43665481915506521 0.4405434611134621 0.4444353058944176 0.4483303808724835 0.4522287134222116 0.45613033091815358 0.46003526073486128 0.46394353024688667 0.46785516682878125 0.47177019785509683 0.47727272727272729 0.48119596321477937 0.48512251645373888 0.48905236099116389 0.49298547082861233 0.4969218199676424 0.50086138240981171 0.50480413215667863 0.50875004320980088 0.51269908957073684 0.51665124524104411 0.52060648422228084 0.5245647805160053 0.52852610812377476 0.53249044104714804 0.53645775328768275 0.54042801884693692 0.54440121172646849 0.54837730592783551 0.55235627545259625 0.55633809430230807 0.56032273647852959 0.56431017598281852 0.56830038681673312 0.57229334298183099 0.57628901847967029 0.58028738731180929 0.58428842347980559 0.58829210098521734 0.59229839382960248 0.59630727601451927 0.60031872154152555 0.60433270441217934 0.60834919862803827 0.61236817819066103 0.616389617101605 0.62041348936242857 0.62443976897468967 0.62846842993994623 0.63249944625975618 0.63653279193567747 0.64056844096926824 0.64460636736208676 0.64864654511569064 0.65268894823163792 0.65673355071148676 0.66078032655679497 0.6648292497691205 0.66888029435002172 0.67293343430105634 0.67698864362378242 0.68104589631975809 0.68510516639054131 0.68916642783768967 0.69322965466276165 0.69729482086731487 0.7013619004529078 0.7054308674210984 0.70950169577344413 0.7135743595115035 0.71764883263683432 0.72172508915099431 0.72580310305554196 0.72988284835203521 0.73396429904203186 0.73804742912708998 0.74213221260876749 0.74621862348862256 0.7503066357682131 0.75439622344909685 0.75848736053283239 0.76258002102097733 0.76667417891508971 0.77076980821672736 0.77486688292744876 0.77896537704881141 0.78306526458237369 0.7871665195296933 0.7912691158923284 0.79537302767183693 0.79947822886977693 0.80358469348770656 0.80769239552718353 0.81180130898976599 0.81591140787701177 0.82002266619047925 0.82413505793172592 0.82824855710231038 0.83236313770379011 0.83647877373772328 0.84059543920566782 0.8447131081091821 0.84883175444982362 0.85295135222915064 0.85707187544872121 0.86119329811009315 0.86531559421482451 0.86943873776447345 0.87356270276059789 0.87768746320475566 0.88181299309850503 0.88593926644340359 0.89006625724100985 0.89419393949288151 0.8983222872005765 0.9024512743656532 0.90658087498966922 0.9107110630741827 0.91484181262075159 0.91897309763093404 0.92310489210628788 0.92723717004837125 0.93136990545874199 0.93550307233895813 0.93963664469057784 0.94377059651515904 0.94790490181425968 0.95203953458943769 0.95617446884225121 0.96030967857425831 0.96444513778701668 0.9685808204820846 0.97271670066101978 0.97685275232538071 0.98098894947672499 0.98512526611661078 0.98926167624659578 0.9933981538682386 0.9975346729830965 1))
(channel green)
(curve
    (curve-type smooth)
    (points 6 0 0 0.40114613180515757 0.37337662337662336 1 1)
    (point-types 3 smooth smooth smooth)
    (n-samples 256)
    (samples 256 0 0.0035143732616566615 0.0070288243558310577 0.010543431115040913 0.014058271371803968 0.017573422958637955 0.021088963708060599 0.024604971452589632 0.028121524024742793 0.031638699257037807 0.035156574981992428 0.03867522903212435 0.042194739239951332 0.045715183437991101 0.049236639458761389 0.052759185134779917 0.056282898298564442 0.059807856782632673 0.063334138419502334 0.06686182104169118 0.070390982481716963 0.073921700572097335 0.07745405314535013 0.080988118033993028 0.08452397307054374 0.088061696087520042 0.091601364917439615 0.095143057392820252 0.09868685134617966 0.10223282461003556 0.10578105501690567 0.10933162039930779 0.11288459858975958 0.11644006742077877 0.11999810472488316 0.1235587883345904 0.12712219608241832 0.13068840580088459 0.13425749532250686 0.13782954247980303 0.14140462510529075 0.14498282103148777 0.14856420809091173 0.1521488641160805 0.15573686693951175 0.15932829439372315 0.16292322431123257 0.16652173452455762 0.17012390286621612 0.17372980716872574 0.17733952526460423 0.18095313498636928 0.18457071416653878 0.18819234063763024 0.19181809223216156 0.19544804678265038 0.1990822821216145 0.20272087608157163 0.20636390649503944 0.21001145119453576 0.21366358801257823 0.21732039478168463 0.22098194933437276 0.22464832950316022 0.22831961312056476 0.23199587801910423 0.23567720203129625 0.23936366298965855 0.24305533872670904 0.2467523070749652 0.25045464586694488 0.25416243293516583 0.25787574611214575 0.26159466323040237 0.26531926212245349 0.26904962062081672 0.27278581655800987 0.27652792776655066 0.28027603207895685 0.28403020732774614 0.28779053134543625 0.291557081964545 0.29532993701758992 0.29910917433708895 0.30289487175555974 0.30668710710552005 0.31048595821948755 0.31429150292997998 0.31810381906951524 0.32192298447061074 0.32574907696578448 0.32958217438755411 0.33342235456843744 0.33726969534095197 0.34112427453761573 0.34498616999094622 0.34885545953346125 0.35273222099767859 0.356616532216116 0.36050847102129108 0.36440811524572175 0.36831554272192546 0.37337662337662336 0.37729997433502804 0.38122687435927377 0.38515730005526161 0.38909122802889207 0.39302863488606604 0.39696949723268404 0.40091379167464714 0.40486149481785594 0.40881258326821124 0.41276703363161366 0.41672482251396414 0.42068592652116338 0.42465032225911198 0.42861798633371095 0.43258889535086087 0.43656302591646273 0.44054035463641683 0.44452085811662445 0.44850451296298605 0.45249129578140218 0.45648118317777409 0.46047415175800233 0.46447017812798763 0.46846923889363068 0.47247131066083226 0.4764763700354932 0.48048439362351419 0.48449535803079602 0.48850923986323952 0.49252601572674537 0.49654566222721419 0.50056815597054682 0.50459347356264428 0.5086215916094069 0.5126524867167358 0.51668613549053155 0.52072251453669505 0.52476160046112696 0.52880336986972765 0.53284779936839866 0.53689486556304 0.54094454505955303 0.54499681446383808 0.54905165038179615 0.55310902941932782 0.55716892818233421 0.56123132327671554 0.56529619130837283 0.56936350888320686 0.5734332526071183 0.57750539908600806 0.58157992492577693 0.58565680673232545 0.58973602111155432 0.59381754466936454 0.59790135401165667 0.60198742574433162 0.60607573647329005 0.61016626280443309 0.61425898134366053 0.61835386869687425 0.62245090146997428 0.62655005626886162 0.63065130969943706 0.63475463836760138 0.63886001887925525 0.64296742784029948 0.64707684185663461 0.65118823753416155 0.6553015914787812 0.65941688029639423 0.6635340805929012 0.66765316897420324 0.67177412204620091 0.67589691641479477 0.68002152868588572 0.68414793546537467 0.68827611335916228 0.69240603897314923 0.69653768891323642 0.70067103978532452 0.70480606819531399 0.70894275074910618 0.71308106405260152 0.71722098471170048 0.72136248933230451 0.72550555452031373 0.72965015688162926 0.73379627302215189 0.73794387954778184 0.74209295306442058 0.74624347017796844 0.75039540749432632 0.75454874161939489 0.75870344915907506 0.76285950671926728 0.76701689090587255 0.77117557832479156 0.7753355455819253 0.77949676928317424 0.78365922603443905 0.78782289244162063 0.79198774511061987 0.79615376064733734 0.80032091565767383 0.80448918674753034 0.80865855052280722 0.81282898358940536 0.81700046255322567 0.82117296402016882 0.82534646459613548 0.82952094088702666 0.83369636949874282 0.83787272703718485 0.84204999010825343 0.84622813531784935 0.8504071392718735 0.85458697857622656 0.8587676298368091 0.86294906965952223 0.8671312746502664 0.8713142214149423 0.87549788655945116 0.87968224668969319 0.88386727841156942 0.88805295833098075 0.89223926305382761 0.89642616918601103 0.90061365333343157 0.90480169210199013 0.90899026209758738 0.91317933992612399 0.91736890219350098 0.92155892550561869 0.92574938646837823 0.9299402616876804 0.93413152776942554 0.93832316131951499 0.94251513894384908 0.94670743724832862 0.95090003283885438 0.95509290232132737 0.95928602230164794 0.9634793693857171 0.96767292017943574 0.97186665128870409 0.97606053931942349 0.98025456087749441 0.98444869256881751 0.9886429109992938 0.99283719277482385 0.99703151450130856 1))
(channel blue)
(curve
    (curve-type smooth)
    (points 4 0 0 1 1)
    (point-types 2 smooth smooth)
    (n-samples 256)
    (samples 256 0 0.0039215686274509803 0.0078431372549019607 0.011764705882352943 0.015686274509803921 0.019607843137254898 0.023529411764705879 0.027450980392156859 0.031372549019607843 0.035294117647058816 0.039215686274509803 0.043137254901960791 0.047058823529411764 0.050980392156862737 0.054901960784313725 0.058823529411764712 0.062745098039215685 0.066666666666666666 0.07058823529411766 0.07450980392156864 0.078431372549019621 0.082352941176470587 0.086274509803921567 0.090196078431372534 0.094117647058823528 0.098039215686274508 0.10196078431372547 0.10588235294117647 0.10980392156862745 0.11372549019607843 0.11764705882352938 0.1215686274509804 0.12549019607843137 0.12941176470588237 0.13333333333333336 0.13725490196078433 0.14117647058823532 0.14509803921568629 0.14901960784313723 0.15294117647058825 0.15686274509803921 0.16078431372549021 0.1647058823529412 0.16862745098039217 0.17254901960784311 0.17647058823529413 0.18039215686274507 0.18431372549019609 0.18823529411764706 0.19215686274509805 0.19607843137254902 0.20000000000000007 0.20392156862745101 0.20784313725490197 0.21176470588235291 0.21568627450980393 0.21960784313725493 0.22352941176470589 0.22745098039215686 0.23137254901960783 0.23529411764705882 0.23921568627450979 0.24313725490196075 0.24705882352941175 0.25098039215686274 0.25490196078431371 0.25882352941176473 0.26274509803921575 0.26666666666666672 0.27058823529411768 0.27450980392156865 0.27843137254901962 0.28235294117647064 0.2862745098039215 0.29019607843137252 0.29411764705882348 0.29803921568627445 0.30196078431372542 0.30588235294117649 0.30980392156862746 0.31372549019607843 0.31764705882352934 0.32156862745098053 0.32549019607843144 0.3294117647058824 0.33333333333333331 0.33725490196078434 0.3411764705882353 0.34509803921568633 0.34901960784313729 0.35294117647058826 0.35686274509803917 0.36078431372549019 0.3647058823529411 0.36862745098039224 0.37254901960784315 0.37647058823529411 0.38039215686274508 0.3843137254901961 0.38823529411764712 0.39215686274509809 0.39607843137254906 0.39999999999999997 0.40392156862745099 0.40784313725490196 0.41176470588235292 0.41568627450980383 0.41960784313725485 0.42352941176470582 0.42745098039215684 0.43137254901960786 0.43529411764705883 0.4392156862745098 0.44313725490196076 0.44705882352941184 0.45098039215686281 0.45490196078431377 0.45882352941176474 0.46274509803921571 0.46666666666666667 0.47058823529411764 0.47450980392156861 0.47843137254901957 0.48235294117647054 0.48627450980392145 0.49019607843137247 0.49411764705882355 0.49803921568627452 0.50196078431372548 0.50588235294117645 0.50980392156862742 0.51372549019607838 0.51764705882352946 0.52156862745098043 0.52549019607843139 0.52941176470588236 0.53333333333333333 0.53725490196078429 0.54117647058823526 0.54509803921568634 0.5490196078431373 0.55294117647058827 0.55686274509803924 0.5607843137254902 0.56470588235294117 0.56862745098039214 0.5725490196078431 0.57647058823529407 0.58039215686274515 0.58431372549019611 0.58823529411764708 0.59215686274509804 0.59607843137254901 0.59999999999999998 0.60392156862745094 0.60784313725490191 0.61176470588235299 0.61568627450980395 0.61960784313725492 0.62352941176470589 0.62745098039215685 0.63137254901960782 0.63529411764705879 0.63921568627450975 0.64313725490196083 0.6470588235294118 0.65098039215686287 0.65490196078431384 0.65882352941176481 0.66274509803921577 0.66666666666666663 0.6705882352941176 0.67450980392156867 0.67843137254901964 0.68235294117647061 0.68627450980392157 0.69019607843137254 0.69411764705882351 0.69803921568627447 0.70196078431372544 0.70588235294117663 0.70980392156862759 0.71372549019607845 0.71764705882352942 0.72156862745098038 0.72549019607843135 0.7294117647058822 0.73333333333333328 0.73725490196078436 0.74117647058823533 0.74509803921568629 0.74901960784313726 0.75294117647058822 0.75686274509803919 0.76078431372549016 0.76470588235294112 0.76862745098039231 0.77254901960784317 0.77647058823529425 0.78039215686274521 0.78431372549019607 0.78823529411764703 0.79215686274509811 0.79607843137254897 0.80000000000000004 0.80392156862745101 0.80784313725490198 0.81176470588235294 0.81568627450980391 0.81960784313725488 0.82352941176470584 0.82745098039215681 0.83137254901960789 0.83529411764705874 0.83921568627450982 0.84313725490196068 0.84705882352941175 0.85098039215686272 0.8549019607843138 0.85882352941176465 0.86274509803921573 0.8666666666666667 0.87058823529411766 0.87450980392156863 0.8784313725490196 0.88235294117647056 0.88627450980392164 0.8901960784313725 0.89411764705882357 0.89803921568627443 0.90196078431372551 0.90588235294117636 0.90980392156862755 0.91372549019607852 0.91764705882352937 0.92156862745098023 0.92549019607843142 0.92941176470588238 0.93333333333333335 0.93725490196078431 0.94117647058823528 0.94509803921568625 0.94901960784313721 0.95294117647058818 0.95686274509803926 0.96078431372549011 0.96470588235294119 0.96862745098039216 0.97254901960784312 0.97647058823529409 0.98039215686274506 0.98431372549019591 0.98823529411764721 0.99215686274509807 0.99607843137254914 1))
(channel alpha)
(curve
    (curve-type smooth)
    (points 4 0 0 1 1)
    (point-types 2 smooth smooth)
    (n-samples 256)
    (samples 256 0 0.0039215686274509803 0.0078431372549019607 0.011764705882352943 0.015686274509803921 0.019607843137254898 0.023529411764705879 0.027450980392156859 0.031372549019607843 0.035294117647058816 0.039215686274509803 0.043137254901960791 0.047058823529411764 0.050980392156862737 0.054901960784313725 0.058823529411764712 0.062745098039215685 0.066666666666666666 0.07058823529411766 0.07450980392156864 0.078431372549019621 0.082352941176470587 0.086274509803921567 0.090196078431372534 0.094117647058823528 0.098039215686274508 0.10196078431372547 0.10588235294117647 0.10980392156862745 0.11372549019607843 0.11764705882352938 0.1215686274509804 0.12549019607843137 0.12941176470588237 0.13333333333333336 0.13725490196078433 0.14117647058823532 0.14509803921568629 0.14901960784313723 0.15294117647058825 0.15686274509803921 0.16078431372549021 0.1647058823529412 0.16862745098039217 0.17254901960784311 0.17647058823529413 0.18039215686274507 0.18431372549019609 0.18823529411764706 0.19215686274509805 0.19607843137254902 0.20000000000000007 0.20392156862745101 0.20784313725490197 0.21176470588235291 0.21568627450980393 0.21960784313725493 0.22352941176470589 0.22745098039215686 0.23137254901960783 0.23529411764705882 0.23921568627450979 0.24313725490196075 0.24705882352941175 0.25098039215686274 0.25490196078431371 0.25882352941176473 0.26274509803921575 0.26666666666666672 0.27058823529411768 0.27450980392156865 0.27843137254901962 0.28235294117647064 0.2862745098039215 0.29019607843137252 0.29411764705882348 0.29803921568627445 0.30196078431372542 0.30588235294117649 0.30980392156862746 0.31372549019607843 0.31764705882352934 0.32156862745098053 0.32549019607843144 0.3294117647058824 0.33333333333333331 0.33725490196078434 0.3411764705882353 0.34509803921568633 0.34901960784313729 0.35294117647058826 0.35686274509803917 0.36078431372549019 0.3647058823529411 0.36862745098039224 0.37254901960784315 0.37647058823529411 0.38039215686274508 0.3843137254901961 0.38823529411764712 0.39215686274509809 0.39607843137254906 0.39999999999999997 0.40392156862745099 0.40784313725490196 0.41176470588235292 0.41568627450980383 0.41960784313725485 0.42352941176470582 0.42745098039215684 0.43137254901960786 0.43529411764705883 0.4392156862745098 0.44313725490196076 0.44705882352941184 0.45098039215686281 0.45490196078431377 0.45882352941176474 0.46274509803921571 0.46666666666666667 0.47058823529411764 0.47450980392156861 0.47843137254901957 0.48235294117647054 0.48627450980392145 0.49019607843137247 0.49411764705882355 0.49803921568627452 0.50196078431372548 0.50588235294117645 0.50980392156862742 0.51372549019607838 0.51764705882352946 0.52156862745098043 0.52549019607843139 0.52941176470588236 0.53333333333333333 0.53725490196078429 0.54117647058823526 0.54509803921568634 0.5490196078431373 0.55294117647058827 0.55686274509803924 0.5607843137254902 0.56470588235294117 0.56862745098039214 0.5725490196078431 0.57647058823529407 0.58039215686274515 0.58431372549019611 0.58823529411764708 0.59215686274509804 0.59607843137254901 0.59999999999999998 0.60392156862745094 0.60784313725490191 0.61176470588235299 0.61568627450980395 0.61960784313725492 0.62352941176470589 0.62745098039215685 0.63137254901960782 0.63529411764705879 0.63921568627450975 0.64313725490196083 0.6470588235294118 0.65098039215686287 0.65490196078431384 0.65882352941176481 0.66274509803921577 0.66666666666666663 0.6705882352941176 0.67450980392156867 0.67843137254901964 0.68235294117647061 0.68627450980392157 0.69019607843137254 0.69411764705882351 0.69803921568627447 0.70196078431372544 0.70588235294117663 0.70980392156862759 0.71372549019607845 0.71764705882352942 0.72156862745098038 0.72549019607843135 0.7294117647058822 0.73333333333333328 0.73725490196078436 0.74117647058823533 0.74509803921568629 0.74901960784313726 0.75294117647058822 0.75686274509803919 0.76078431372549016 0.76470588235294112 0.76862745098039231 0.77254901960784317 0.77647058823529425 0.78039215686274521 0.78431372549019607 0.78823529411764703 0.79215686274509811 0.79607843137254897 0.80000000000000004 0.80392156862745101 0.80784313725490198 0.81176470588235294 0.81568627450980391 0.81960784313725488 0.82352941176470584 0.82745098039215681 0.83137254901960789 0.83529411764705874 0.83921568627450982 0.84313725490196068 0.84705882352941175 0.85098039215686272 0.8549019607843138 0.85882352941176465 0.86274509803921573 0.8666666666666667 0.87058823529411766 0.87450980392156863 0.8784313725490196 0.88235294117647056 0.88627450980392164 0.8901960784313725 0.89411764705882357 0.89803921568627443 0.90196078431372551 0.90588235294117636 0.90980392156862755 0.91372549019607852 0.91764705882352937 0.92156862745098023 0.92549019607843142 0.92941176470588238 0.93333333333333335 0.93725490196078431 0.94117647058823528 0.94509803921568625 0.94901960784313721 0.95294117647058818 0.95686274509803926 0.96078431372549011 0.96470588235294119 0.96862745098039216 0.97254901960784312 0.97647058823529409 0.98039215686274506 0.98431372549019591 0.98823529411764721 0.99215686274509807 0.99607843137254914 1))

# end of 'Curves' settings
