# GIMP 'Curves' settings

(time 0)
(linear no)
(channel value)
(curve
    (curve-type smooth)
    (points 10 0 0 0.071117561683599423 0.1565495207667732 0.20609579100145137 0.29712460063897761 0.58925979680696661 0.5889243876464324 1 1)
    (point-types 5 smooth smooth smooth smooth smooth)
    (n-samples 256)
    (samples 256 0 0.010117337572707975 0.020207502644179851 0.030243322713179529 0.040197625278470907 0.050043237838817894 0.059752987892984361 0.069299702939734267 0.078656210477831445 0.087795338006039822 0.096689913023123311 0.10531276302784581 0.1136367155189712 0.12163459799526338 0.12927923795548629 0.1365434628984038 0.14340010032277978 0.14982197772737821 0.1565495207667732 0.16213620193540398 0.16759149373862681 0.17291923381218505 0.17812325979182209 0.18320740931328136 0.18817552001230631 0.19303142952464028 0.1977789754860266 0.20242199553220891 0.20696432729893041 0.21140980842193458 0.21576227653696484 0.22002556927976449 0.22420352428607709 0.22829997919164596 0.23231877163221445 0.23626373924352606 0.24013871966132416 0.24394755052135214 0.24769406945935346 0.25138211411107148 0.25501552211224954 0.25859813109863117 0.26213377870595972 0.2656263025699786 0.26907954032643117 0.27249732961106088 0.27588350805961115 0.27924191330782538 0.28257638299144688 0.28589075474621917 0.28918886620788564 0.29247455501218966 0.29575165879487458 0.29712460063897761 0.30038629660781213 0.30362683414292535 0.30684669806060677 0.31004637317714623 0.3132263443088335 0.31638709627195849 0.31952911388281058 0.32265288195767999 0.32575888531285613 0.32884760876462893 0.33191953712928801 0.33497515522312332 0.33801494786242448 0.34103939986348131 0.34404899604258349 0.34704422121602096 0.35002556020008324 0.35299349781106021 0.35594851886524165 0.35889110817891728 0.36182175056837684 0.36474093084991016 0.36764913383980691 0.37054684435435692 0.37343454720984998 0.37631272722257569 0.37918186920882402 0.38204245798488462 0.38489497836704717 0.38773991517160139 0.39057775321483723 0.39340897731304458 0.39623407228251273 0.39905352293953172 0.40186781410039152 0.4046774305813815 0.40748285719879163 0.41028457876891145 0.41308308010803113 0.41587884603244013 0.418672361358428 0.42146411090228492 0.42425457948030054 0.4270442519087646 0.42983361300396683 0.43262314758219689 0.43541334045974456 0.43820467645289984 0.4409976403779523 0.44379271705119172 0.44659039128890776 0.44939114790739032 0.45219547172292912 0.45500384755181389 0.45781676021033446 0.46063469451478056 0.46345813528144186 0.46628756732660825 0.46912347546656941 0.4719663445176151 0.47481665929603506 0.47767490461811912 0.48054156530015701 0.48341712615843851 0.48630207200925329 0.48919688766889124 0.49210205795364192 0.49501806767979539 0.4979454016636411 0.50088454472146893 0.50383598166956878 0.50680019732423021 0.50977767650174299 0.51276890401839692 0.51577436469048188 0.51879454333428754 0.52182992476610357 0.52488099380221975 0.52794823525892598 0.53103213395251192 0.53413317469926724 0.53725184231548195 0.5403886216174455 0.54354399742144799 0.54671845454377888 0.54991247780072805 0.55312655200858518 0.55636116198364016 0.55961679254218266 0.56289392850050257 0.56619305467488945 0.56951465588163319 0.57285921693702335 0.57622722265735016 0.57961915785890283 0.58303550735797138 0.5889243876464324 0.59240277519094042 0.59589400968773254 0.59939796729733652 0.60291452418027991 0.60644355649709081 0.60998494040829643 0.61353855207442465 0.61710426765600324 0.62068196331355963 0.62427151520762159 0.62787279949871699 0.63148569234737295 0.63511006991411789 0.63874580835947914 0.64239278384398435 0.64605087252816096 0.64971995057253729 0.65339989413764044 0.65709057938399829 0.66079188247213871 0.66450367956258871 0.66822584681587671 0.67195826039253037 0.67570079645307668 0.67945333115804396 0.68321574066795931 0.68698790114335118 0.69076968874474676 0.69456097963267327 0.69836164996765981 0.70217157591023238 0.70599063362091974 0.70981869926024921 0.71365564898874856 0.71750135896694556 0.72135570535536753 0.72521856431454235 0.72908981200499801 0.73296932458726149 0.73685697822186103 0.74075264906932414 0.74465621329017839 0.74856754704495199 0.75248652649417158 0.75641302779836572 0.76034692711806207 0.76428810061378749 0.76823642444607065 0.77219177477543854 0.77615402776241937 0.78012305956754024 0.78409874635132915 0.78808096427431384 0.792069589497022 0.79606449817998104 0.80006556648371885 0.80407267056876286 0.80808568659564117 0.81210449072488111 0.81612895911701044 0.82015896793255694 0.82419439333204825 0.82823511147601192 0.83228099852497572 0.83633193063946731 0.84038778398001446 0.8444484347071447 0.84851375898138581 0.85258363296326545 0.85665793281331104 0.8607365346920508 0.86481931476001184 0.86890614917772213 0.87299691410570945 0.87709148570450113 0.88118974013462525 0.88529155355660927 0.88939680213098082 0.89350536201826758 0.89761710937899752 0.90173192037369776 0.9058496711628965 0.90997023790712106 0.91409349676689933 0.91821932390275895 0.9223475954752276 0.92647818764483281 0.93061097657210246 0.9347458384175642 0.93888264934174548 0.94302128550517439 0.94716162306837826 0.95130353819188473 0.95544690703622182 0.95959160576191693 0.96373751052949774 0.9678844974994919 0.9720324428324274 0.97618122268883156 0.98033071322923226 0.98448079061415694 0.98863133100413347 0.99278221055968963 0.99693330544135306 1))
(channel red)
(curve
    (curve-type smooth)
    (points 4 0 0 1 1)
    (point-types 2 smooth smooth)
    (n-samples 256)
    (samples 256 0 0.0039215686274509803 0.0078431372549019607 0.011764705882352943 0.015686274509803921 0.019607843137254898 0.023529411764705879 0.027450980392156859 0.031372549019607843 0.035294117647058816 0.039215686274509803 0.043137254901960791 0.047058823529411764 0.050980392156862737 0.054901960784313725 0.058823529411764712 0.062745098039215685 0.066666666666666666 0.07058823529411766 0.07450980392156864 0.078431372549019621 0.082352941176470587 0.086274509803921567 0.090196078431372534 0.094117647058823528 0.098039215686274508 0.10196078431372547 0.10588235294117647 0.10980392156862745 0.11372549019607843 0.11764705882352938 0.1215686274509804 0.12549019607843137 0.12941176470588237 0.13333333333333336 0.13725490196078433 0.14117647058823532 0.14509803921568629 0.14901960784313723 0.15294117647058825 0.15686274509803921 0.16078431372549021 0.1647058823529412 0.16862745098039217 0.17254901960784311 0.17647058823529413 0.18039215686274507 0.18431372549019609 0.18823529411764706 0.19215686274509805 0.19607843137254902 0.20000000000000007 0.20392156862745101 0.20784313725490197 0.21176470588235291 0.21568627450980393 0.21960784313725493 0.22352941176470589 0.22745098039215686 0.23137254901960783 0.23529411764705882 0.23921568627450979 0.24313725490196075 0.24705882352941175 0.25098039215686274 0.25490196078431371 0.25882352941176473 0.26274509803921575 0.26666666666666672 0.27058823529411768 0.27450980392156865 0.27843137254901962 0.28235294117647064 0.2862745098039215 0.29019607843137252 0.29411764705882348 0.29803921568627445 0.30196078431372542 0.30588235294117649 0.30980392156862746 0.31372549019607843 0.31764705882352934 0.32156862745098053 0.32549019607843144 0.3294117647058824 0.33333333333333331 0.33725490196078434 0.3411764705882353 0.34509803921568633 0.34901960784313729 0.35294117647058826 0.35686274509803917 0.36078431372549019 0.3647058823529411 0.36862745098039224 0.37254901960784315 0.37647058823529411 0.38039215686274508 0.3843137254901961 0.38823529411764712 0.39215686274509809 0.39607843137254906 0.39999999999999997 0.40392156862745099 0.40784313725490196 0.41176470588235292 0.41568627450980383 0.41960784313725485 0.42352941176470582 0.42745098039215684 0.43137254901960786 0.43529411764705883 0.4392156862745098 0.44313725490196076 0.44705882352941184 0.45098039215686281 0.45490196078431377 0.45882352941176474 0.46274509803921571 0.46666666666666667 0.47058823529411764 0.47450980392156861 0.47843137254901957 0.48235294117647054 0.48627450980392145 0.49019607843137247 0.49411764705882355 0.49803921568627452 0.50196078431372548 0.50588235294117645 0.50980392156862742 0.51372549019607838 0.51764705882352946 0.52156862745098043 0.52549019607843139 0.52941176470588236 0.53333333333333333 0.53725490196078429 0.54117647058823526 0.54509803921568634 0.5490196078431373 0.55294117647058827 0.55686274509803924 0.5607843137254902 0.56470588235294117 0.56862745098039214 0.5725490196078431 0.57647058823529407 0.58039215686274515 0.58431372549019611 0.58823529411764708 0.59215686274509804 0.59607843137254901 0.59999999999999998 0.60392156862745094 0.60784313725490191 0.61176470588235299 0.61568627450980395 0.61960784313725492 0.62352941176470589 0.62745098039215685 0.63137254901960782 0.63529411764705879 0.63921568627450975 0.64313725490196083 0.6470588235294118 0.65098039215686287 0.65490196078431384 0.65882352941176481 0.66274509803921577 0.66666666666666663 0.6705882352941176 0.67450980392156867 0.67843137254901964 0.68235294117647061 0.68627450980392157 0.69019607843137254 0.69411764705882351 0.69803921568627447 0.70196078431372544 0.70588235294117663 0.70980392156862759 0.71372549019607845 0.71764705882352942 0.72156862745098038 0.72549019607843135 0.7294117647058822 0.73333333333333328 0.73725490196078436 0.74117647058823533 0.74509803921568629 0.74901960784313726 0.75294117647058822 0.75686274509803919 0.76078431372549016 0.76470588235294112 0.76862745098039231 0.77254901960784317 0.77647058823529425 0.78039215686274521 0.78431372549019607 0.78823529411764703 0.79215686274509811 0.79607843137254897 0.80000000000000004 0.80392156862745101 0.80784313725490198 0.81176470588235294 0.81568627450980391 0.81960784313725488 0.82352941176470584 0.82745098039215681 0.83137254901960789 0.83529411764705874 0.83921568627450982 0.84313725490196068 0.84705882352941175 0.85098039215686272 0.8549019607843138 0.85882352941176465 0.86274509803921573 0.8666666666666667 0.87058823529411766 0.87450980392156863 0.8784313725490196 0.88235294117647056 0.88627450980392164 0.8901960784313725 0.89411764705882357 0.89803921568627443 0.90196078431372551 0.90588235294117636 0.90980392156862755 0.91372549019607852 0.91764705882352937 0.92156862745098023 0.92549019607843142 0.92941176470588238 0.93333333333333335 0.93725490196078431 0.94117647058823528 0.94509803921568625 0.94901960784313721 0.95294117647058818 0.95686274509803926 0.96078431372549011 0.96470588235294119 0.96862745098039216 0.97254901960784312 0.97647058823529409 0.98039215686274506 0.98431372549019591 0.98823529411764721 0.99215686274509807 0.99607843137254914 1))
(channel green)
(curve
    (curve-type smooth)
    (points 4 0 0 1 1)
    (point-types 2 smooth smooth)
    (n-samples 256)
    (samples 256 0 0.0039215686274509803 0.0078431372549019607 0.011764705882352943 0.015686274509803921 0.019607843137254898 0.023529411764705879 0.027450980392156859 0.031372549019607843 0.035294117647058816 0.039215686274509803 0.043137254901960791 0.047058823529411764 0.050980392156862737 0.054901960784313725 0.058823529411764712 0.062745098039215685 0.066666666666666666 0.07058823529411766 0.07450980392156864 0.078431372549019621 0.082352941176470587 0.086274509803921567 0.090196078431372534 0.094117647058823528 0.098039215686274508 0.10196078431372547 0.10588235294117647 0.10980392156862745 0.11372549019607843 0.11764705882352938 0.1215686274509804 0.12549019607843137 0.12941176470588237 0.13333333333333336 0.13725490196078433 0.14117647058823532 0.14509803921568629 0.14901960784313723 0.15294117647058825 0.15686274509803921 0.16078431372549021 0.1647058823529412 0.16862745098039217 0.17254901960784311 0.17647058823529413 0.18039215686274507 0.18431372549019609 0.18823529411764706 0.19215686274509805 0.19607843137254902 0.20000000000000007 0.20392156862745101 0.20784313725490197 0.21176470588235291 0.21568627450980393 0.21960784313725493 0.22352941176470589 0.22745098039215686 0.23137254901960783 0.23529411764705882 0.23921568627450979 0.24313725490196075 0.24705882352941175 0.25098039215686274 0.25490196078431371 0.25882352941176473 0.26274509803921575 0.26666666666666672 0.27058823529411768 0.27450980392156865 0.27843137254901962 0.28235294117647064 0.2862745098039215 0.29019607843137252 0.29411764705882348 0.29803921568627445 0.30196078431372542 0.30588235294117649 0.30980392156862746 0.31372549019607843 0.31764705882352934 0.32156862745098053 0.32549019607843144 0.3294117647058824 0.33333333333333331 0.33725490196078434 0.3411764705882353 0.34509803921568633 0.34901960784313729 0.35294117647058826 0.35686274509803917 0.36078431372549019 0.3647058823529411 0.36862745098039224 0.37254901960784315 0.37647058823529411 0.38039215686274508 0.3843137254901961 0.38823529411764712 0.39215686274509809 0.39607843137254906 0.39999999999999997 0.40392156862745099 0.40784313725490196 0.41176470588235292 0.41568627450980383 0.41960784313725485 0.42352941176470582 0.42745098039215684 0.43137254901960786 0.43529411764705883 0.4392156862745098 0.44313725490196076 0.44705882352941184 0.45098039215686281 0.45490196078431377 0.45882352941176474 0.46274509803921571 0.46666666666666667 0.47058823529411764 0.47450980392156861 0.47843137254901957 0.48235294117647054 0.48627450980392145 0.49019607843137247 0.49411764705882355 0.49803921568627452 0.50196078431372548 0.50588235294117645 0.50980392156862742 0.51372549019607838 0.51764705882352946 0.52156862745098043 0.52549019607843139 0.52941176470588236 0.53333333333333333 0.53725490196078429 0.54117647058823526 0.54509803921568634 0.5490196078431373 0.55294117647058827 0.55686274509803924 0.5607843137254902 0.56470588235294117 0.56862745098039214 0.5725490196078431 0.57647058823529407 0.58039215686274515 0.58431372549019611 0.58823529411764708 0.59215686274509804 0.59607843137254901 0.59999999999999998 0.60392156862745094 0.60784313725490191 0.61176470588235299 0.61568627450980395 0.61960784313725492 0.62352941176470589 0.62745098039215685 0.63137254901960782 0.63529411764705879 0.63921568627450975 0.64313725490196083 0.6470588235294118 0.65098039215686287 0.65490196078431384 0.65882352941176481 0.66274509803921577 0.66666666666666663 0.6705882352941176 0.67450980392156867 0.67843137254901964 0.68235294117647061 0.68627450980392157 0.69019607843137254 0.69411764705882351 0.69803921568627447 0.70196078431372544 0.70588235294117663 0.70980392156862759 0.71372549019607845 0.71764705882352942 0.72156862745098038 0.72549019607843135 0.7294117647058822 0.73333333333333328 0.73725490196078436 0.74117647058823533 0.74509803921568629 0.74901960784313726 0.75294117647058822 0.75686274509803919 0.76078431372549016 0.76470588235294112 0.76862745098039231 0.77254901960784317 0.77647058823529425 0.78039215686274521 0.78431372549019607 0.78823529411764703 0.79215686274509811 0.79607843137254897 0.80000000000000004 0.80392156862745101 0.80784313725490198 0.81176470588235294 0.81568627450980391 0.81960784313725488 0.82352941176470584 0.82745098039215681 0.83137254901960789 0.83529411764705874 0.83921568627450982 0.84313725490196068 0.84705882352941175 0.85098039215686272 0.8549019607843138 0.85882352941176465 0.86274509803921573 0.8666666666666667 0.87058823529411766 0.87450980392156863 0.8784313725490196 0.88235294117647056 0.88627450980392164 0.8901960784313725 0.89411764705882357 0.89803921568627443 0.90196078431372551 0.90588235294117636 0.90980392156862755 0.91372549019607852 0.91764705882352937 0.92156862745098023 0.92549019607843142 0.92941176470588238 0.93333333333333335 0.93725490196078431 0.94117647058823528 0.94509803921568625 0.94901960784313721 0.95294117647058818 0.95686274509803926 0.96078431372549011 0.96470588235294119 0.96862745098039216 0.97254901960784312 0.97647058823529409 0.98039215686274506 0.98431372549019591 0.98823529411764721 0.99215686274509807 0.99607843137254914 1))
(channel blue)
(curve
    (curve-type smooth)
    (points 4 0 0 1 1)
    (point-types 2 smooth smooth)
    (n-samples 256)
    (samples 256 0 0.0039215686274509803 0.0078431372549019607 0.011764705882352943 0.015686274509803921 0.019607843137254898 0.023529411764705879 0.027450980392156859 0.031372549019607843 0.035294117647058816 0.039215686274509803 0.043137254901960791 0.047058823529411764 0.050980392156862737 0.054901960784313725 0.058823529411764712 0.062745098039215685 0.066666666666666666 0.07058823529411766 0.07450980392156864 0.078431372549019621 0.082352941176470587 0.086274509803921567 0.090196078431372534 0.094117647058823528 0.098039215686274508 0.10196078431372547 0.10588235294117647 0.10980392156862745 0.11372549019607843 0.11764705882352938 0.1215686274509804 0.12549019607843137 0.12941176470588237 0.13333333333333336 0.13725490196078433 0.14117647058823532 0.14509803921568629 0.14901960784313723 0.15294117647058825 0.15686274509803921 0.16078431372549021 0.1647058823529412 0.16862745098039217 0.17254901960784311 0.17647058823529413 0.18039215686274507 0.18431372549019609 0.18823529411764706 0.19215686274509805 0.19607843137254902 0.20000000000000007 0.20392156862745101 0.20784313725490197 0.21176470588235291 0.21568627450980393 0.21960784313725493 0.22352941176470589 0.22745098039215686 0.23137254901960783 0.23529411764705882 0.23921568627450979 0.24313725490196075 0.24705882352941175 0.25098039215686274 0.25490196078431371 0.25882352941176473 0.26274509803921575 0.26666666666666672 0.27058823529411768 0.27450980392156865 0.27843137254901962 0.28235294117647064 0.2862745098039215 0.29019607843137252 0.29411764705882348 0.29803921568627445 0.30196078431372542 0.30588235294117649 0.30980392156862746 0.31372549019607843 0.31764705882352934 0.32156862745098053 0.32549019607843144 0.3294117647058824 0.33333333333333331 0.33725490196078434 0.3411764705882353 0.34509803921568633 0.34901960784313729 0.35294117647058826 0.35686274509803917 0.36078431372549019 0.3647058823529411 0.36862745098039224 0.37254901960784315 0.37647058823529411 0.38039215686274508 0.3843137254901961 0.38823529411764712 0.39215686274509809 0.39607843137254906 0.39999999999999997 0.40392156862745099 0.40784313725490196 0.41176470588235292 0.41568627450980383 0.41960784313725485 0.42352941176470582 0.42745098039215684 0.43137254901960786 0.43529411764705883 0.4392156862745098 0.44313725490196076 0.44705882352941184 0.45098039215686281 0.45490196078431377 0.45882352941176474 0.46274509803921571 0.46666666666666667 0.47058823529411764 0.47450980392156861 0.47843137254901957 0.48235294117647054 0.48627450980392145 0.49019607843137247 0.49411764705882355 0.49803921568627452 0.50196078431372548 0.50588235294117645 0.50980392156862742 0.51372549019607838 0.51764705882352946 0.52156862745098043 0.52549019607843139 0.52941176470588236 0.53333333333333333 0.53725490196078429 0.54117647058823526 0.54509803921568634 0.5490196078431373 0.55294117647058827 0.55686274509803924 0.5607843137254902 0.56470588235294117 0.56862745098039214 0.5725490196078431 0.57647058823529407 0.58039215686274515 0.58431372549019611 0.58823529411764708 0.59215686274509804 0.59607843137254901 0.59999999999999998 0.60392156862745094 0.60784313725490191 0.61176470588235299 0.61568627450980395 0.61960784313725492 0.62352941176470589 0.62745098039215685 0.63137254901960782 0.63529411764705879 0.63921568627450975 0.64313725490196083 0.6470588235294118 0.65098039215686287 0.65490196078431384 0.65882352941176481 0.66274509803921577 0.66666666666666663 0.6705882352941176 0.67450980392156867 0.67843137254901964 0.68235294117647061 0.68627450980392157 0.69019607843137254 0.69411764705882351 0.69803921568627447 0.70196078431372544 0.70588235294117663 0.70980392156862759 0.71372549019607845 0.71764705882352942 0.72156862745098038 0.72549019607843135 0.7294117647058822 0.73333333333333328 0.73725490196078436 0.74117647058823533 0.74509803921568629 0.74901960784313726 0.75294117647058822 0.75686274509803919 0.76078431372549016 0.76470588235294112 0.76862745098039231 0.77254901960784317 0.77647058823529425 0.78039215686274521 0.78431372549019607 0.78823529411764703 0.79215686274509811 0.79607843137254897 0.80000000000000004 0.80392156862745101 0.80784313725490198 0.81176470588235294 0.81568627450980391 0.81960784313725488 0.82352941176470584 0.82745098039215681 0.83137254901960789 0.83529411764705874 0.83921568627450982 0.84313725490196068 0.84705882352941175 0.85098039215686272 0.8549019607843138 0.85882352941176465 0.86274509803921573 0.8666666666666667 0.87058823529411766 0.87450980392156863 0.8784313725490196 0.88235294117647056 0.88627450980392164 0.8901960784313725 0.89411764705882357 0.89803921568627443 0.90196078431372551 0.90588235294117636 0.90980392156862755 0.91372549019607852 0.91764705882352937 0.92156862745098023 0.92549019607843142 0.92941176470588238 0.93333333333333335 0.93725490196078431 0.94117647058823528 0.94509803921568625 0.94901960784313721 0.95294117647058818 0.95686274509803926 0.96078431372549011 0.96470588235294119 0.96862745098039216 0.97254901960784312 0.97647058823529409 0.98039215686274506 0.98431372549019591 0.98823529411764721 0.99215686274509807 0.99607843137254914 1))
(channel alpha)
(curve
    (curve-type smooth)
    (points 4 0 0 1 1)
    (point-types 2 smooth smooth)
    (n-samples 256)
    (samples 256 0 0.0039215686274509803 0.0078431372549019607 0.011764705882352943 0.015686274509803921 0.019607843137254898 0.023529411764705879 0.027450980392156859 0.031372549019607843 0.035294117647058816 0.039215686274509803 0.043137254901960791 0.047058823529411764 0.050980392156862737 0.054901960784313725 0.058823529411764712 0.062745098039215685 0.066666666666666666 0.07058823529411766 0.07450980392156864 0.078431372549019621 0.082352941176470587 0.086274509803921567 0.090196078431372534 0.094117647058823528 0.098039215686274508 0.10196078431372547 0.10588235294117647 0.10980392156862745 0.11372549019607843 0.11764705882352938 0.1215686274509804 0.12549019607843137 0.12941176470588237 0.13333333333333336 0.13725490196078433 0.14117647058823532 0.14509803921568629 0.14901960784313723 0.15294117647058825 0.15686274509803921 0.16078431372549021 0.1647058823529412 0.16862745098039217 0.17254901960784311 0.17647058823529413 0.18039215686274507 0.18431372549019609 0.18823529411764706 0.19215686274509805 0.19607843137254902 0.20000000000000007 0.20392156862745101 0.20784313725490197 0.21176470588235291 0.21568627450980393 0.21960784313725493 0.22352941176470589 0.22745098039215686 0.23137254901960783 0.23529411764705882 0.23921568627450979 0.24313725490196075 0.24705882352941175 0.25098039215686274 0.25490196078431371 0.25882352941176473 0.26274509803921575 0.26666666666666672 0.27058823529411768 0.27450980392156865 0.27843137254901962 0.28235294117647064 0.2862745098039215 0.29019607843137252 0.29411764705882348 0.29803921568627445 0.30196078431372542 0.30588235294117649 0.30980392156862746 0.31372549019607843 0.31764705882352934 0.32156862745098053 0.32549019607843144 0.3294117647058824 0.33333333333333331 0.33725490196078434 0.3411764705882353 0.34509803921568633 0.34901960784313729 0.35294117647058826 0.35686274509803917 0.36078431372549019 0.3647058823529411 0.36862745098039224 0.37254901960784315 0.37647058823529411 0.38039215686274508 0.3843137254901961 0.38823529411764712 0.39215686274509809 0.39607843137254906 0.39999999999999997 0.40392156862745099 0.40784313725490196 0.41176470588235292 0.41568627450980383 0.41960784313725485 0.42352941176470582 0.42745098039215684 0.43137254901960786 0.43529411764705883 0.4392156862745098 0.44313725490196076 0.44705882352941184 0.45098039215686281 0.45490196078431377 0.45882352941176474 0.46274509803921571 0.46666666666666667 0.47058823529411764 0.47450980392156861 0.47843137254901957 0.48235294117647054 0.48627450980392145 0.49019607843137247 0.49411764705882355 0.49803921568627452 0.50196078431372548 0.50588235294117645 0.50980392156862742 0.51372549019607838 0.51764705882352946 0.52156862745098043 0.52549019607843139 0.52941176470588236 0.53333333333333333 0.53725490196078429 0.54117647058823526 0.54509803921568634 0.5490196078431373 0.55294117647058827 0.55686274509803924 0.5607843137254902 0.56470588235294117 0.56862745098039214 0.5725490196078431 0.57647058823529407 0.58039215686274515 0.58431372549019611 0.58823529411764708 0.59215686274509804 0.59607843137254901 0.59999999999999998 0.60392156862745094 0.60784313725490191 0.61176470588235299 0.61568627450980395 0.61960784313725492 0.62352941176470589 0.62745098039215685 0.63137254901960782 0.63529411764705879 0.63921568627450975 0.64313725490196083 0.6470588235294118 0.65098039215686287 0.65490196078431384 0.65882352941176481 0.66274509803921577 0.66666666666666663 0.6705882352941176 0.67450980392156867 0.67843137254901964 0.68235294117647061 0.68627450980392157 0.69019607843137254 0.69411764705882351 0.69803921568627447 0.70196078431372544 0.70588235294117663 0.70980392156862759 0.71372549019607845 0.71764705882352942 0.72156862745098038 0.72549019607843135 0.7294117647058822 0.73333333333333328 0.73725490196078436 0.74117647058823533 0.74509803921568629 0.74901960784313726 0.75294117647058822 0.75686274509803919 0.76078431372549016 0.76470588235294112 0.76862745098039231 0.77254901960784317 0.77647058823529425 0.78039215686274521 0.78431372549019607 0.78823529411764703 0.79215686274509811 0.79607843137254897 0.80000000000000004 0.80392156862745101 0.80784313725490198 0.81176470588235294 0.81568627450980391 0.81960784313725488 0.82352941176470584 0.82745098039215681 0.83137254901960789 0.83529411764705874 0.83921568627450982 0.84313725490196068 0.84705882352941175 0.85098039215686272 0.8549019607843138 0.85882352941176465 0.86274509803921573 0.8666666666666667 0.87058823529411766 0.87450980392156863 0.8784313725490196 0.88235294117647056 0.88627450980392164 0.8901960784313725 0.89411764705882357 0.89803921568627443 0.90196078431372551 0.90588235294117636 0.90980392156862755 0.91372549019607852 0.91764705882352937 0.92156862745098023 0.92549019607843142 0.92941176470588238 0.93333333333333335 0.93725490196078431 0.94117647058823528 0.94509803921568625 0.94901960784313721 0.95294117647058818 0.95686274509803926 0.96078431372549011 0.96470588235294119 0.96862745098039216 0.97254901960784312 0.97647058823529409 0.98039215686274506 0.98431372549019591 0.98823529411764721 0.99215686274509807 0.99607843137254914 1))

# end of 'Curves' settings
